INSERT INTO Offers (
    card_id,
    vend_id
)
VALUES
    (
        10000000,
        10000000
    ),
    (
        10000001,
        10000000
    ),
    (
        10000002,
        10000001
    ),
    (
        10000003,
        10000001
    ),
    (
        10000004,
        10000002
    ),
    (
        10000005,
        10000002
    ),
    (
        10000006,
        10000003
    ),
    (
        10000007,
        10000003
    ),
    (
        10000008,
        10000004
    ),
    (
        10000009,
        10000004
    ),
    (
        10000010,
        10000005
    ),
    (
        10000011,
        10000005
    ),
    (
        10000012,
        10000006
    ),
    (
        10000013,
        10000006
    ),
    (
        10000014,
        10000007
    ),
    (
        10000015,
        10000007
    ),
    (
        10000016,
        10000008
    ),
    (
        10000017,
        10000008
    ),
    (
        10000018,
        10000009
    ),
    (
        10000019,
        10000009
    ),
    (
        10000020,
        10000010
    ),
    (
        10000021,
        10000010
    ),
    (
        10000022,
        10000011
    ),
    (
        10000023,
        10000011
    ),
    (
        10000024,
        10000012
    ),
    (
        10000025,
        10000012
    ),
    (
        10000026,
        10000013
    ),
    (
        10000027,
        10000013
    ),
    (
        10000028,
        10000014
    ),
    (
        10000029,
        10000014
    ),
    (
        10000030,
        10000015
    ),
    (
        10000031,
        10000015
    ),
    (
        10000032,
        10000016
    ),
    (
        10000033,
        10000016
    ),
    (
        10000034,
        10000017
    ),
    (
        10000035,
        10000017
    ),
    (
        10000036,
        10000018
    ),
    (
        10000037,
        10000018
    ),
    (
        10000038,
        10000019
    ),
    (
        10000039,
        10000019
    ),
    (
        10000040,
        10000020
    ),
    (
        10000041,
        10000020
    ),
    (
        10000042,
        10000021
    ),
    (
        10000043,
        10000021
    ),
    (
        10000044,
        10000022
    ),
    (
        10000045,
        10000022
    ),
    (
        10000046,
        10000023
    ),
    (
        10000047,
        10000023
    ),
    (
        10000048,
        10000024
    ),
    (
        10000049,
        10000024
    ),
    (
        10000050,
        10000025
    ),
    (
        10000051,
        10000025
    ),
    (
        10000052,
        10000026
    ),
    (
        10000053,
        10000026
    ),
    (
        10000054,
        10000027
    ),
    (
        10000055,
        10000027
    ),
    (
        10000056,
        10000028
    ),
    (
        10000057,
        10000028
    ),
    (
        10000058,
        10000029
    ),
    (
        10000059,
        10000029
    ),
    (
        10000060,
        10000030
    ),
    (
        10000061,
        10000030
    ),
    (
        10000062,
        10000031
    ),
    (
        10000063,
        10000031
    ),
    (
        10000064,
        10000032
    ),
    (
        10000065,
        10000032
    ),
    (
        10000066,
        10000033
    ),
    (
        10000067,
        10000033
    ),
    (
        10000068,
        10000034
    ),
    (
        10000069,
        10000034
    ),
    (
        10000070,
        10000035
    ),
    (
        10000071,
        10000035
    ),
    (
        10000072,
        10000036
    ),
    (
        10000073,
        10000036
    ),
    (
        10000074,
        10000037
    ),
    (
        10000075,
        10000037
    ),
    (
        10000076,
        10000038
    ),
    (
        10000077,
        10000038
    ),
    (
        10000078,
        10000039
    ),
    (
        10000079,
        10000039
    ),
    (
        10000080,
        10000040
    ),
    (
        10000081,
        10000040
    ),
    (
        10000082,
        10000041
    ),
    (
        10000083,
        10000041
    ),
    (
        10000084,
        10000042
    ),
    (
        10000085,
        10000042
    ),
    (
        10000086,
        10000043
    ),
    (
        10000087,
        10000043
    ),
    (
        10000088,
        10000044
    ),
    (
        10000089,
        10000044
    ),
    (
        10000090,
        10000045
    ),
    (
        10000091,
        10000045
    ),
    (
        10000092,
        10000046
    ),
    (
        10000093,
        10000046
    ),
    (
        10000094,
        10000047
    ),
    (
        10000095,
        10000047
    ),
    (
        10000096,
        10000048
    ),
    (
        10000097,
        10000048
    ),
    (
        10000098,
        10000049
    ),
    (
        10000099,
        10000049
    );